0.224000  0.624000  0.067000  0.043000  
0.110000  0.502000  0.051000  0.043000  
0.196000  0.667000  0.067000  0.043000  
0.055000  0.584000  0.067000  0.082000  
0.027000  0.376000  0.067000  0.043000  
0.306000  0.710000  0.086000  0.043000  
0.137000  0.416000  0.067000  0.000000  
0.416000  0.831000  0.035000  0.043000  
0.306000  0.792000  0.051000  0.125000  
0.388000  0.749000  0.118000  0.082000  
0.749000  0.502000  0.627000  0.541000  
0.722000  0.459000  0.663000  0.584000  
0.612000  0.333000  0.612000  0.584000  
0.557000  0.541000  0.627000  0.624000  
0.639000  0.376000  0.612000  0.498000  
0.196000  0.000000  0.424000  0.376000  
0.471000  0.082000  0.510000  0.376000  
0.361000  0.376000  0.439000  0.498000  
0.361000  0.416000  0.592000  0.584000  
0.529000  0.082000  0.592000  0.584000  
0.557000  0.541000  0.847000  1.000000  
0.776000  0.416000  0.831000  0.831000  
0.612000  0.416000  0.812000  0.875000  
0.165000  0.208000  0.592000  0.667000  
0.667000  0.208000  0.812000  0.710000  
0.612000  0.502000  0.694000  0.792000  
0.694000  0.416000  0.761000  0.831000  
0.416000  0.333000  0.694000  0.957000  
0.612000  0.416000  0.761000  0.710000  
0.945000  0.251000  1.000000  0.918000  
