0.0500 85.0200 14.9277
0.1000 48.9800 8.3678
0.1500 38.2200 5.2345
0.2000 33.2600 5.7350
0.2500 32.3000 5.5522
0.3000 31.0800 7.1709
0.3500 30.2000 5.6641
0.4000 29.6000 6.0271
0.4500 29.3000 7.0891
0.5000 27.4000 7.5539
0.5500 30.3600 8.4943
0.6000 31.2200 8.2345
0.6500 32.5000 8.1947
0.7000 31.9400 7.3050
0.7500 35.1600 10.8164
0.8000 36.7400 11.8560
0.8500 44.7000 22.4547
0.9000 41.2000 13.5149
0.9500 47.6200 32.4250
1.0000 50.4800 47.5116
1.0500 54.8333 45.8655
1.1000 73.6800 87.9331
1.1500 104.0600 385.7499
1.2000 86.5600 166.4157
1.2500 60.3333 34.2132
1.3000 68.8125 33.4930
1.3500 84.2292 83.9724
1.4000 96.1224 158.1478
1.4500 76.2222 31.2553
1.5000 195.4222 705.6196
1.5500 346.4681 1142.7793
1.6000 239.3182 431.0363
1.6500 260.3556 746.3682
1.7000 457.6364 1426.7396
1.7500 631.3953 1745.4464
1.8000 462.2273 1350.0632
1.8500 537.7111 932.5904
