0.232027558236527
0.2219527751020683
0.20285359812287035
0.16875313337092254
0.14000765890805922
0.12496098141786562
0.11792421869227226
0.11350621864786956
0.11142696978715874
0.10890587282825752
0.10698611074484131
0.1052078279312003
0.10315419205598438
0.10146045167006462
0.09956982582640014
0.09775455015408564
0.09621906775993158
0.09470301051906221
0.09334947581951077
0.0916022255373565
0.08995035275488773
0.08837505122385687
0.08614241399778294
0.08420326488104721
0.08251818903167067
0.08041738958730668
0.07833778758972396
0.0756488918059843
0.07372411954877789
0.07226905607122952
0.06946363503053024
0.06710466215336018
0.06543428081940166
0.06247659829663602
0.05984647522982122
0.058860081714933815
0.05711736707531911
0.05440415438128464
0.05231097262032271
0.05080369285529743
0.048824790922887884
0.04835594205838653
0.0451864624178828
0.04444844041826397
0.043642592810424256
0.04179360318752783
0.0407908044035771
0.039350284742622886
0.03809733170609803
0.03717951119172324
0.036340356156466795
0.03473225364342257
0.034780052765688
0.03348110596238077
0.03340970809870966
0.03196332912906669
0.03138950310144401
0.02988716529533794
0.029964354868974863
0.029279168461831137
0.027791611466654355
0.028253667865893308
0.028575710968091052
0.027281192994576174
0.026663234955592748
0.02574767889481737
0.024871430525307076
0.024871809457261848
0.024870471188282218
0.02481704940029238
0.02393098354467814
0.022913887671035638
0.02285853118804604
0.022352432834714
0.022957977700851215
0.022536341411059313
0.021232588218661738
0.021382193263678496
0.02181437341709802
0.0208095113481769
0.020546716926351623
0.020685030737514487
0.02011755902963647
0.019502695306279027
0.01956601949935357
0.01993076156780818
0.0190373851054257
0.01887115171380826
0.019134145760559582
0.018560770666447554
0.017897817785485923
0.01804404772218116
0.017519773841881928
0.018462615203074517
0.017481413851251005
0.01746326061070988
0.016626174996843972
0.016974674598490436
0.016044027103712534
0.01634169462730387
0.016667158283314536
0.01630508160725663
0.01630541983136074
0.015614344275751741
0.01572384497376786
0.015426734473106225
0.015103630943594753
0.015313806740132885
0.015061670329661879
0.015254708351827748
0.014686416171501872
0.014151837034339565
0.014862332681676294
0.0139439603494294
0.014074614371401785
0.013453957089407175
0.013976866311096936
0.014101217457405066
0.013360986848550596
0.013661920876096958
0.013259241912800503
0.012933324471239271
0.012277308371133232
0.013027093138307834
0.012568973455544115
0.012758075099942767
0.012833499645514055
0.012052484052908097
0.012248342029311085
0.013037580618666618
0.012386021645112018
0.012653467535051071
0.011727872733155141
0.01174800542946662
0.012039703453026988
0.011983099576492452
0.012121353243767764
0.011268992798398771
0.011674812704120392
0.01246638895343951
0.011851462929592011
0.010869227926723058
0.011215189882273047
0.012070415680837722
0.010673077846160306
0.010729169757095782
0.011733908332693993
0.010788200498851439
0.010444113930861728
0.010178802174069473
0.011160060610711986
0.010256994129295514
0.009958361222183701
0.011789597516659908
0.010695400002627111
0.009760699907607856
0.009560690117765357
0.009994015842328877
0.009843055744190607
0.009385983295507412
0.009621094639810706
0.009984323717739687
0.00916929528185481
0.00948995733255958
0.009394334327947347
0.00899672518289982
0.008968987143722585
0.009042322651815773
0.008966652155086699
0.00962202395142459
0.009500757334043472
0.009262726492719796
0.009629541581087548
0.008879242176841374
0.009007255012805552
0.008694403271911795
0.008615822398897981
0.00822516270922092
0.008366804769281594
0.0077421424459848285
0.007911547057337522
0.00850262342331655
0.007906395186684106
0.008831228193447931
0.008478494387366099
0.00794017354105852
0.008449987991397878
0.008345902119735078
0.00789797879673845
0.008316627083527187
0.007943297529059585
0.007920559295163766
0.008023070531240245
0.0075875012211754035
0.007783587800341965
0.00816787037486881
0.008155438842894203
0.007217683955316692
0.00768303579971954
0.007258283028438189
0.006977822267087439
0.007548671885540207
0.00836202489538668
0.0075605300853198954
0.006803526976731405
0.007792952707911317
0.00776115346543608
0.00778534758951358
0.007690436266363457
0.007166767446989608
0.007622279688239118
0.006742303126701217
0.007143057306804519
0.007178551174903946
0.006848931543304072
0.0067751701319896055
0.00696792378633037
0.0072398607966024575
0.007119552703640816
0.0069819703210035585
0.006716367120059298
0.006588096110550363
0.007681928577638817
0.0071241718681956815
0.006891303929132745
0.006554677444222945
0.007118886741475698
0.006990048216398117
0.006714312890869853
0.007000264362459441
0.007271523876325789
0.00625488593006449
0.006733650743159458
0.006772571457203486
0.0065539783129620055
0.0062493408437470244
0.0058173836651920765
0.006157697067260381
0.0068413282073400685
0.006331306381805537
0.005984040053918652
0.0063964562840701615
0.005911886158418494
0.006134408136779215
0.005811017396917961
0.005609245791069971
0.0056323700162621325
0.0061906268215500704
0.006062619311132155
0.006088033371473327
0.0059478181779992504
0.005789920932880078
0.006489691466044322
0.005709816051982963
0.005561588093996822
0.005824576671234676
0.005983045120969429
0.005417259817716676
0.005621120579202592
0.005634674630012184
0.005507425162739498
0.0062751301900275044
0.005742495970271976
0.005121697454495883
0.005470930581103657
0.005449057549121379
0.005777751526099647
0.005502520194597429
0.005451073392672007
0.005434385970234719
0.006105626641983287
0.005742794549480539
0.005175349375959188
0.005280754505181578
0.00512221245632837
0.004848459622666093
0.0052913467119448
0.005329129492389113
0.005420468583216862
0.006108891213471932
0.00570956248033747
0.006309297403380372
0.005045468296073733
0.005188295694121901
0.006021379050748083
0.004473694390871743
0.005523131027010878
0.005166732606201196
0.005647010868513357
0.005107947971875107
0.005278434086319539
0.004630064225161692
0.004799578268615044
0.004596065185346563
0.004946092070832919
0.004591766114536401
0.0044693780789867256
0.005392573811908562
0.004714564299065119
0.005582782692859686
0.004306978324208055
0.00517496882219538
0.004490081448142693
0.004565874443217319
0.004726147498418846
0.004490310673047478
0.00419888041962678
0.004820958966412262
0.004702009931408058
0.0041297028173289015
0.004869778064877612
0.004502359308211399
0.004322462663900561
0.004812163070905568
0.004310675422440375
0.004529395684302665
0.004154141909062162
0.004810219763891184
0.004209640397229533
0.004529324422770294
0.004880894900849534
0.004569346615564112
0.004417943183676668
0.004230012389170782
0.004188477117827979
0.004307816540854237
0.0038922032315893856
0.004360303642231128
0.0038945964060783577
0.004144475110534637
0.0037501579326675795
0.003987230689037313
0.004219718174201142
0.003932135922345387
0.003959034582293306
0.004239361552239541
0.004219619430015308
0.003967419092550708
0.004133766891051096
0.004098303224210051
0.0036867464770599036
0.0037176012179747854
0.0037722912364839024
0.0039142539729072135
0.00472701624568429
0.004207572677564092
0.004643346300889259
0.003867324037134999
0.003656216270780664
0.003915023137244814
0.0038013114144129266
0.003739982322305596
0.0037621665481959595
0.003712031496026256
0.004204466441085836
0.00442336754420809
0.003095243633321516
0.0037047172117304363
0.0038701514910912567
0.003337848711391722
0.003637158501332697
0.0034013263974181627
0.0036245013525211694
0.0030550655689156048
0.0036227525097000234
0.0033736173049025357
0.0037547117291360766
0.0035874552365718405
0.003270350061665089
0.0037433799372737085
0.003723549345403886
0.003988859787463148
0.0033081006379508593
0.0037096878067210803
0.003750047071633196
0.0034649124149888745
0.00305149130375437
0.0034008760401300696
0.003591017710743351
0.0035050392249629182
0.0036304417319816275
0.003341460766920656
0.0036030404716353216
0.0032968001638301486
0.0031150797715601255
0.0034622318452368216
0.0031013718764085953
0.0031064034912755304
0.003676401902044719
0.0036459818706012603
0.003265419324436221
0.0030725123280184122
0.0032579189404374886
0.002794204677451419
0.003288992414003768
0.0030847045861937625
0.0030873046377490766
0.0032751627708980514
0.0031098630198237685
0.0031596873368844518
0.0033443751388005194
0.0026719134259714987
0.0028060160964247004
0.0029118096297483277
0.0029763533287852136
0.003357711627401531
0.0031356598670242443
0.0029722216987125767
0.002873229202569222
0.0032511580270961106
0.0029508512889572817
0.003101095449073553
0.002844376696550375
0.002779480174382977
0.002806355486732994
0.0035199689160468023
0.003006109016429388
0.002614106382935176
0.002447636375441478
0.0027464066536731276
0.0028103070360156316
0.0027112596192967933
0.0031213235553223246
0.002630015815622779
0.0031356946252178437
0.0030539093420219937
0.0030254689797696373
0.003474939705058264
0.003357736082957224
0.002872030220712521
0.002975354769458871
0.0025713161296184216
0.0032287920878530853
0.0030798794445175692
0.0028622025118283205
0.003103589773763713
0.0024982819780394617
0.002811864252364636
0.002879559660702334
0.0024962742898988087
0.0026575694308999913
0.002437870108240391
0.002372953793261007
0.0028469478343041395
0.0025121555325281954
0.0028112829622645983
0.0029324487115684555
0.0030063133177843327
0.0028352807902475
0.0026657751064489183
0.0023845257624362202
0.0022018489070038893
0.002485030445955603
0.0033475076582177186
0.00307004451430239
0.002471154561974686
0.002454464736202796
0.002566406322159376
0.002369944195046579
0.0024757773073178914
0.0023671953401291465
0.0028373659830027
0.0028631463658640643
0.0027327671598231023
0.0024689337998889775
0.00220913534160824
0.002432459789551448
0.002840672488775413
0.002452520140329836
0.0025615501073637404
0.0022952800097627113
0.0024248324944037523
0.0023776054388972095
0.0025810532897683506
0.002521297997221569
0.0023131741185318778
0.0024846085706987666
0.0022153488098011036
0.00214844998933702
0.0017722967598383591
0.002222897133929836
0.0025867099508911097
0.0022815840198457914
0.001968681231426087
0.0022178687179447544
0.002374592806116743
0.0025057118001408866
0.0021956830887885706
0.0023571182027728663
0.0025750947074713493
0.0019069901885213284
0.002120211861515993
0.0024513418642891998
0.002475392799348283
0.002271359892201104
0.0019331651414976865
0.0021083988930729845
0.0024002699053767076
0.002118125905267291
0.0020077903012567008

0.22142468094742182
0.21079218931231827
0.18438462196279043
0.15120447560884856
0.12953557032802906
0.11943414640997942
0.11425707984456385
0.11117282364630601
0.10863826386422316
0.10611379052782033
0.10474762100367092
0.10310334760638369
0.1016847153744342
0.09996713271270846
0.09849111730003951
0.09752958229159057
0.09582127493726553
0.09462561472790684
0.09398540547062678
0.09263512002135556
0.09113503656638614
0.09023357603153556
0.08889652544008404
0.08760562738744083
0.08532119418530769
0.0835415069326301
0.08134777188308284
0.0803521630894078
0.07842898031808183
0.07706943825767745
0.07485140695613172
0.07411647225019002
0.07347827252451396
0.07097060058296743
0.0690310854528904
0.06652067272670313
0.06562524625942469
0.06229247492766274
0.06234786956549982
0.06253037013128608
0.06158437124335693
0.05661433615964479
0.05845081576419917
0.056319578638158
0.05440905093394001
0.05323374800301321
0.05146031859646282
0.05086852727761393
0.04723438492827532
0.04760960239875597
0.04792346700578345
0.0466235231485623
0.04663859311386576
0.043639270057946974
0.04545453206296693
0.04359739678290982
0.04184689416494319
0.04223494664687576
0.041804767673938655
0.040575072894045786
0.04126001366348726
0.0404633400485503
0.03923601608228515
0.04248275246874107
0.03805196290788346
0.04098989735887289
0.037143281410951114
0.040631824721336765
0.03886586664898616
0.03783058575651163
0.03617784328288491
0.0394837626903259
0.03718597486515359
0.03688587248742501
0.03644490156523981
0.03780068545067684
0.035835083126735556
0.03758455271280222
0.03693393583987065
0.03389910205807802
0.035966108955064406
0.031345268027969414
0.03509063599378839
0.03413400061803673
0.03418599610924135
0.03251688448256424
0.030710154011660107
0.030022449783010573
0.030792558678645138
0.03143842392901997
0.03603712938427496
0.03149833697247134
0.034586128380336985
0.02993891237948409
0.03070926941337733
0.029717237341248568
0.03321192871422297
0.029304207495849947
0.02763739636953721
0.03232702935504265
0.034227546162782015
0.02868203619528069
0.03237472048018655
0.030612915244329394
0.029651254653556416
0.029262135451585795
0.031610421763803236
0.02990459276112485
0.029597706402604822
0.02819456904636867
0.027517122195798445
0.030401357422897225
0.029355906363048755
0.03109487210687655
0.03251301053936514
0.03204047601518695
0.02719578214662266
0.030267830408396458
0.03168383838599511
0.028230235753004224
0.029284928919609862
0.028727565238375777
0.02725278345317501
0.02981158673490839
0.028702351949964785
0.02883531394017432
0.028517948995286858
0.02879040853662032
0.031322729213021774
0.027825925254673783
0.028315271750886054
0.029245714566129816
0.027069369129835076
0.02731481809319742
0.028703485460382726
0.025762771556399548
0.027958262196611926
0.029377333780736245
0.027515719757233027
0.027237109096316967
0.026281554501061687
0.027027772234623812
0.027949936840628894
0.029111744324935896
0.02699013001631421
0.028657809903933913
0.027985454895595115
0.027634318336638028
0.026469573408765535
0.02813652898909258
0.026186746254554704
0.026138785900895103
0.027190775356468078
0.02845387903419849
0.025821583802176393
0.02712029806177144
0.027388072362898957
0.027417129381325726
0.02741072523209284
0.02610689765311958
0.026252449738087193
0.02681526862921547
0.02797237606100812
0.026681686171009352
0.027265592697857242
0.028245556844689487
0.02746639662004726
0.026983899368082927
0.026572482200541675
0.02600577285313409
0.02633675654205867
0.026260671018963802
0.02544371042485846
0.02440568934162421
0.024876232495293867
0.027292495009353032
0.026131784763448428
0.02611176208142115
0.02664003138591746
0.027483970733980727
0.02579356908506465
0.025984598973159207
0.025000601268885446
0.026448583588444045
0.02526146782267114
0.02569996956491446
0.02710385009341118
0.024712633137870713
0.025852730613546634
0.02660542480662915
0.025795568883168033
0.027058000281273666
0.02652923957116368
0.025347241943704066
0.026025663920613736
0.027549554715722503
0.026642148922163985
0.02545600494658511
0.025839334909370567
0.025900961232638804
0.025259280506529938
0.028629047818865123
0.027641894810827
0.025187607946005143
0.02637159983479963
0.0252693834488403
0.024868721875776042
0.0251606548642177
0.02476759267128692
0.025130580984357692
0.024894079012729962
0.027514270088192832
0.02470862045234294
0.026330156646045724
0.027563471842918973
0.026218306013641807
0.02521607594536552
0.02551745574257081
0.024863765954634652
0.024724410173446856
0.026277363268645066
0.028729053988311062
0.02544590499069412
0.02567921175890332
0.02615090237064439
0.027265851135291005
0.02606910717113736
0.025998443020899247
0.024938782344030505
0.024557799413035698
0.02731548515530198
0.025517442746747374
0.024874158384864217
0.02497337705705876
0.02576787985711206
0.024718335934382833
0.027544738616557103
0.026603831540047033
0.02619526352932619
0.025831811724312412
0.02662738624371103
0.02637310932892742
0.026118787405379776
0.02602941989865871
0.025046616651685994
0.02616420460224054
0.026023939014268183
0.02540320445331119
0.026673839200376078
0.024877658961492202
0.025769323952418172
0.026054702556357893
0.025208900891046247
0.025104760847569737
0.027485072047642854
0.026115862635275905
0.026127512273918647
0.02720721872662343
0.026307290438128673
0.024998684598324945
0.027783255613600812
0.026517527227325827
0.025973004617894646
0.02523899227722278
0.026460678062819296
0.02608240440243694
0.025123284959644027
0.025805720254122307
0.025537426105911653
0.02650980673912
0.026087434846542745
0.026048913370775445
0.025624640760514544
0.02506160324406524
0.024626366165239614
0.026910789860967857
0.026874465661354045
0.02528261073016572
0.02512885550346221
0.02673426602312313
0.026140123312585067
0.025644470210115157
0.026423103572256124
0.02581192745693139
0.02540586594289313
0.025637556410453895
0.025942812634901086
0.02729703672580399
0.026209998454882463
0.02571808449155367
0.0254684801403442
0.02534568165455191
0.026687718349614004
0.026502882812815237
0.02493140856452035
0.025869624415196236
0.025971271560455134
0.026963281554874253
0.025955518853665357
0.027109774591314553
0.026395339479289813
0.025851553881176628
0.025712223802752274
0.025300498242832096
0.025097721326109882
0.0252819548790556
0.0262931302761613
0.02591165140431067
0.026213352764709964
0.026509126832993002
0.025186706659672847
0.026513086259687898
0.026797093929262966
0.02630249697831729
0.026182788048501285
0.025839897950091954
0.026261789394308163
0.026745462886221233
0.025973342626583563
0.026779529725694286
0.027153467994017036
0.025960444452252804
0.025870865564598878
0.026458133255585263
0.026360681210474496
0.025235426677991696
0.027003053265412427
0.026800964160862303
0.02680790672937834
0.025425457028099032
0.025025440344435816
0.026649382480627204
0.026395885362417687
0.026499823884844734
0.026928903003002727
0.026322950547132917
0.025367268944369442
0.02633867536639727
0.02527182037739929
0.02656418049790483
0.0258822339050347
0.025695097707362252
0.025527102253690582
0.02559084367714024
0.026488914482004803
0.025792413649772715
0.026208677605700587
0.02494179935424766
0.02595943448447015
0.02604112231366207
0.025546176998280615
0.02580437095727246
0.02641454736685701
0.026492014424086077
0.026128764569175428
0.026199764099019984
0.02661307820109454
0.027424301670730816
0.025189136078468132
0.025859634301069523
0.02643016170058726
0.02526988523493675
0.02578299070932686
0.026695555895979942
0.02619009343584395
0.026582514061232194
0.026825205925918142
0.025661490919049235
0.026071800952854714
0.025653319986160442
0.026047869524403536
0.025820239095240356
0.026293253740876644
0.02553595726641397
0.025554918524249945
0.026710177518457393
0.026360110783421417
0.026690706152012474
0.025446419411711264
0.026593179561169102
0.026112916820093396
0.02716939334428277
0.026294397889178648
0.02541052657802891
0.02675469583533362
0.025781104480826614
0.026499280775391244
0.02703759477765899
0.026079126338531936
0.026722137691685854
0.02597808669811733
0.02618953651602026
0.026511103652426003
0.026167061246262842
0.025864224137809103
0.025579585566426827
0.0264343480153023
0.02656861676385119
0.025684909914748633
0.026041286297982726
0.026383705202713558
0.02681516652753404
0.0265727620287161
0.026552887912547285
0.026014637660874508
0.026931795254012
0.026468242135613194
0.027352029558823113
0.026484574208534357
0.025950841126201888
0.02700703008322967
0.0254872835601749
0.026175046487541716
0.026554982368903916
0.02684732324244189
0.026527433121951258
0.026369608446521302
0.025693574950679872
0.025979918529014975
0.02556631595236206
0.025875147483299856
0.026554897662088822
0.025472052613551455
0.0268663731443906
0.026497623318025167
0.026916946198213724
0.02726426373724184
0.025706164685633248
0.027430508726145417
0.027392272665542054
0.025978257771578958
0.026736766180225004
0.025875927409511994
0.026846815006685662
0.026999857379892092
0.025610295794701744
0.02650285249911827
0.026330542446027696
0.026092657433479206
0.02642896794459743
0.026874138325671947
0.026636607279165902
0.026837302121306073
0.026449905077759957
0.026048281841388358
0.025701453776273708
0.02617716797312171
0.026832337663433216
0.02629922663118273
0.026281066496347826
0.027276295950309882
0.026252433848328982
0.027371817418158223
0.02681252234199426
0.026595902801935398
0.0263261110049357
0.026116318683554622
0.026711501311530175
0.02627489628647476
0.026608784983580255
0.026412723534300436
0.026491701975296867
0.027117011996755657
0.026529101011729783
0.026909312688794932
0.026400836706690422
0.026846086803123104
0.026342993033139542
0.026287505826786947
0.025994699945492417
0.027278952633579125
0.02680713953316575
0.02698758500079894
0.026292846910134
0.02719457703951011
0.026683570374300917
0.0269454239744203
0.026356149370377065
0.026331908268914385
0.026054448976200302
0.02637108232793097
0.026792844726868385
0.025794991855379906
0.026707962417766285
0.02676564292772237
0.027182270030991624
0.026353444886820385
0.02656717668706524
0.026156637258434805
0.026721278140884333
0.0272280950433509
0.027669245429898348
0.026752034445862886
0.02651929719445956
0.02666862838427727
0.02701410603810276
0.027503077725451543
0.026806584112296594
0.02623958099553545
0.0270791997227225
